34,106,5,67;46,69,14,47;59,76,119,62;2,118,55,81;126,6,85,18;28,56,78,58;98,79,74,77;125,4,123,101;21,10,50,48;88,113,41,94;53,82,1,65;68,110,91,39;116,37,57,100;12,33,38,25;72,87,73,54;97,115,43,19;121,15,32,124;102,7,122,92;89,84,103,11;93,120,30,61;26,95,22,71;31,66,17,90;49,64,70,63;86,107,114,105;104,23,36,42;3,29,27,108;45,80,24,96;83,16,20,9;109,40,44,51;99,13,111,112;52,35,75,8
68,2,126,26;95,29,66,7;86,55,16,48;36,110,10,42;31,28,85,58;112,125,87,41;59,13,67,24;19,122,30,46;93,3,107,57;11,116,12,105;98,32,21,73;51,120,8,84;97,43,118,106;82,65,35,75;37,117,90,47;96,124,18,53;119,83,52,22;102,27,4,64;89,25,1,49;80,14,40,76;92,61,78,17;121,94,5,20;9,100,23,113;91,44,63,56;39,54,81,71;72,6,34,15;123,50,45,101;62,115,79,111;69,33,114,38;88,108,103,77;70,74,104,109
27,12,113,107;72,85,38,35;84,101,47,7;54,95,58,4;90,33,68,116;46,23,17,110;44,111,82,83;104,32,49,91;65,36,5,97;21,20,56,106;118,69,114,70;61,43,59,64;13,79,73,29;108,24,117,26;76,87,71,19;11,100,92,28;99,109,55,75;22,77,14,30;120,53,57,96;62,15,42,119;37,18,122,6;45,31,81,126;74,105,16,78;93,94,52,89;40,115,50,48;123,3,66,125;9,98,86,63;112,25,39,67;124,121,88,8;10,1,103,34;2,41,102,51
12,111,71,70;30,40,69,126;107,105,51,92;23,88,15,73;21,54,114,53;2,1,98,39;94,63,118,120;61,104,36,59;67,77,37,55;103,13,46,85;47,25,123,19;72,38,5,20;42,89,57,41;117,86,64,97;93,125,113,43;26,50,34,18;6,10,48,3;28,81,109,78;32,31,79,33;106,35,27,116;44,108,4,87;49,74,52,56;58,7,68,45;8,29,91,124;102,66,99,112;110,75,9,95;96,101,16,11;122,121,100,14;22,62,80,65;90,115,84,82;17,83,76,24
103,124,4,122;13,86,28,43;48,66,101,37;118,77,56,10;8,24,26,11;67,65,119,89;53,126,94,98;31,3,33,63;32,92,70,95;21,25,104,44;38,14,27,73;97,22,93,85;107,36,102,64;30,41,34,75;114,80,109,74;88,105,69,6;12,116,16,84;82,117,17,46;111,9,45,49;20,83,91,55;96,62,110,19;78,100,35,51;59,1,81,125;61,121,18,120;76,123,57,52;39,106,23,115;42,99,87,40;47,108,68,71;72,54,50,5;2,15,113,29;58,7,90,79
118,59,84,31;89,120,49,67;62,45,91,17;13,86,8,68;12,63,82,124;76,14,80,39;11,87,41,95;51,79,61,94;37,43,29,23;106,85,40,53;50,66,25,26;98,115,83,112;52,103,78,125;96,64,6,32;104,4,110,15;33,10,35,27;42,73,99,117;47,101,3,56;97,44,69,7;18,75,72,113;34,48,119,70;1,74,100,65;93,71,38,21;58,109,16,77;28,36,107,121;122,126,9,5;19,55,30,46;22,57,54,24;20,116,102,2;105,108,81,111;123,92,114,88
87,117,126,22;5,27,95,47;31,89,6,73;86,85,61,58;44,69,42,43;15,83,12,112;1,93,16,17;94,97,71,91;38,37,118,79;33,57,76,7;78,11,125,23;51,65,99,98;9,21,96,29;59,3,4,30;92,10,41,119;54,80,13,34;62,70,77,63;74,108,90,72;101,18,26,53;52,75,14,123;105,81,36,45;25,106,48,82;19,124,114,104;88,64,39,46;113,122,120,35;20,68,66,116;121,109,56,55;8,50,40,115;103,84,111,24;110,49,2,107;67,32,102,28
108,5,93,7;84,87,62,125;58,97,15,67;116,27,14,96;104,78,12,20;74,23,25,40;54,94,34,45;39,52,102,36;71,110,33,11;49,31,112,73;24,2,63,100;17,29,117,32;68,13,95,81;56,48,98,46;69,10,22,70;55,107,72,99;122,88,91,86;61,4,35,109;42,41,114,105;126,89,124,111;53,6,76,44;38,103,47,1;64,21,51,65;16,106,26,118;92,82,79,115;119,80,90,120;101,43,123,66;19,9,85,28;77,83,8,59;57,121,113,18;3,37,30,50
41,67,115,81;103,63,90,25;124,35,27,77;20,26,7,42;58,108,17,29;50,99,57,72;4,94,68,51;80,92,113,82;46,102,44,19;83,87,100,118;55,96,89,28;52,40,39,31;14,54,65,76;59,111,64,107;126,85,15,97;5,43,36,11;48,78,125,123;105,37,116,8;3,49,75,88;101,2,106,112;79,21,71,109;30,62,32,91;23,47,122,86;53,98,120,104;74,69,119,121;73,9,56,34;110,24,33,61;6,95,66,1;114,93,38,18;12,22,10,117;13,45,84,16
28,87,20,121;57,47,109,77;61,21,70,3;2,27,65,81;15,108,7,39;25,18,11,23;95,24,9,35;86,110,64,56;29,106,34,96;74,72,104,5;126,80,44,75;101,1,58,90;97,41,115,99;91,32,114,119;102,38,76,83;19,50,89,107;98,118,66,100;63,8,78,113;92,31,79,67;94,6,120,48;112,45,117,105;37,40,88,49;93,124,46,55;62,14,123,68;4,71,84,54;17,59,52,111;22,43,42,26;30,53,12,85;73,16,51,116;82,33,13,69;122,10,36,125
