90,123,119,19;65,84,79,101;33,70,16,102;85,37,42,125;4,126,53,54;2,36,107,81;78,64,32,108;113,51,75,47;96,80,68,59;55,71,8,35;99,48,50,6;83,110,57,69;20,63,120,14;62,23,100,7;21,121,12,13;111,58,24,105;66,11,52,72;34,27,22,15;67,106,122,17;82,114,109,91;45,86,88,115;9,97,112,46;94,76,1,43;116,118,73,31;25,104,56,38;10,61,39,40;44,87,28,92;41,124,29,89;3,30,95,117;18,5,26,93;77,98,103,49
28,38,79,103;32,91,123,113;4,7,20,120;29,93,40,104;49,53,97,24;92,86,90,37;33,14,71,112;26,72,80,42;16,87,82,101;122,55,75,34;84,19,81,100;63,10,36,61;58,105,8,69;117,115,50,12;74,98,35,89;25,67,30,83;47,95,41,85;68,99,125,62;9,57,44,116;3,5,46,31;17,66,96,126;102,2,88,56;1,114,59,110;22,13,65,64;39,43,52,124;73,121,106,76;118,45,108,77;51,23,107,78;48,111,6,15;11,27,119,18;70,54,109,21
77,110,97,42;64,81,12,24;114,22,43,85;59,74,79,103;14,10,40,53;46,87,112,13;118,63,21,32;111,9,119,121;91,107,37,49;93,72,66,20;102,41,27,68;16,62,124,69;33,100,99,26;29,101,55,56;105,1,98,11;75,18,23,70;120,5,31,92;76,84,39,36;122,67,125,25;50,123,115,28;15,61,95,104;116,106,51,117;94,47,80,88;83,6,30,89;126,96,54,78;8,7,58,4;71,57,38,90;65,86,3,44;113,52,73,34;108,45,82,35;19,109,2,48
57,87,8,14;96,2,28,47;114,103,82,61;89,111,94,31;35,88,21,38;55,54,49,22;69,77,43,124;120,80,125,10;15,48,83,107;59,73,1,65;116,106,112,18;19,13,90,29;86,5,7,122;126,72,4,11;79,104,91,46;27,71,75,45;6,64,118,115;16,98,76,117;100,97,23,58;51,30,109,85;68,3,62,52;17,39,20,53;92,63,36,66;32,74,123,24;105,41,119,9;84,56,99,95;78,93,50,101;25,81,67,33;70,102,42,34;12,110,121,44;37,40,113,26
57,43,90,115;118,13,70,41;6,16,66,61;99,97,4,36;103,87,9,112;58,31,63,75;38,107,23,109;12,5,56,79;72,125,33,91;28,49,46,18;117,20,122,1;48,123,52,111;74,35,45,113;82,101,42,105;77,89,15,64;25,100,126,50;76,78,121,3;110,106,11,51;80,81,27,22;24,65,17,40;47,8,114,44;116,73,37,39;59,98,26,53;34,85,83,10;93,120,102,29;69,21,124,96;71,94,108,19;95,67,55,119;68,2,86,92;54,88,32,62;7,104,14,84
33,88,40,21;74,62,121,28;117,34,110,105;32,91,6,99;39,51,22,57;41,94,15,101;44,8,16,23;63,100,54,49;83,25,87,20;61,10,55,70;47,36,38,3;43,109,75,42;122,30,79,45;118,123,53,5;31,85,106,73;124,108,65,9;17,58,107,116;64,113,95,81;37,93,7,77;76,86,52,67;96,1,29,12;69,35,89,104;68,24,50,71;59,92,126,48;2,18,98,11;13,80,112,84;4,111,26,78;119,27,72,66;90,14,103,97;56,102,115,19;114,82,46,120
100,67,45,121;94,19,79,7;25,37,63,20;83,3,26,44;40,31,97,72;70,5,49,93;76,111,107,75;118,120,86,114;58,32,87,52;57,6,8,34;96,33,77,126;92,22,50,10;80,124,17,54;113,18,89,27;53,9,122,21;24,1,36,2;55,78,13,46;103,104,98,14;61,64,29,51;4,59,106,81;109,102,38,74;35,88,62,30;71,123,101,115;116,28,82,41;112,69,65,105;125,90,16,39;23,48,42,12;99,73,117,108;66,43,119,91;11,84,68,85;15,110,47,95
81,111,73,118;47,6,38,126;90,65,63,66;86,12,25,68;43,51,117,41;1,115,32,112;35,93,48,98;52,58,9,82;116,42,69,21;105,91,123,108;23,114,100,79;57,71,72,89;37,70,10,22;125,84,4,99;124,19,122,121;39,49,13,102;33,45,20,46;36,8,24,97;16,106,15,87;28,55,104,110;3,53,120,113;34,101,88,18;40,50,59,78;74,85,67,77;95,92,29,83;76,109,27,80;75,5,44,64;26,56,61,54;2,7,11,107;30,96,103,31;62,119,94,14
19,79,30,12;53,32,69,34;66,117,5,9;108,41,20,58;81,21,17,67;105,73,102,124;3,35,121,97;13,80,126,26;111,90,47,101;38,50,71,75;94,62,2,14;82,57,78,54;100,110,36,114;84,115,87,28;46,44,89,59;116,118,15,29;95,91,33,40;39,7,37,106;72,74,24,63;99,123,43,22;16,56,104,1;55,103,4,23;109,113,70,86;122,64,77,120;10,18,125,11;45,112,96,6;65,8,49,48;83,51,61,31;68,88,92,93;119,52,27,42;76,107,85,98
32,97,117,35;85,121,40,110;24,72,93,101;112,25,116,17;104,69,55,28;14,122,75,70;20,84,59,13;4,1,78,43;113,12,54,51;111,76,46,3;6,22,96,77;47,98,36,27;90,119,106,63;123,81,105,68;114,7,48,126;87,5,26,37;80,91,86,56;89,58,45,66;64,102,10,53;30,52,109,100;42,65,2,88;57,108,73,92;83,115,16,103;125,19,71,44;94,50,74,23;107,15,62,82;41,120,9,31;11,8,39,49;79,99,18,33;124,61,118,95;29,21,34,67
