484 983 6 404
551 63014
1 610
548 9033
3 17240
546 4527
4 5266
547 182440
5 622
544 4463
6 19288
7 117036
558 69138
8 0
9 0
10 12023
557 37982
12 11618
566 2091
16 1205218
565 2626
19 3852452
564 6008
21 1944
20 121620
561 168575
23 127051
560 603
22 258493
25 2046382
24 326891
27 281353
26 1995278
29 166575
31 90726
516 2049
34 18878
35 36549
32 421
519 8287
33 3151
512 8792
38 36853
39 172
514 425982
36 1266
37 28831
42 1410
525 876418
43 499439
41 479485
527 2461680
520 334
46 130617
47 314711
44 58185
533 7387
51 65302
50 47
535 220
534 867
529 189017
55 5019
54 223147
53 3477766
530 1254389
52 60697
59 73734
58 11223
57 106412
56 165502
537 64
63 0
536 220
62 192492
61 1449110
610 548874
68 35593
611 322512
69 21297
608 512166
70 3624
609 448955
71 935973
614 10947
64 50741
615 273
65 0
612 328065
66 173617
613 630436
67 112194
618 60094
76 1963
619 207945
78 0
622 408088
72 2801059
623 466523
73 65608
620 456655
74 3923
621 276449
627 2081
626 1600732
84 101611
625 440333
87 8965
624 497915
86 1494217
81 5023
630 294859
80 3435761
83 109924
628 1251
82 3896
635 1686478
89 419905
639 621957
88 44623
91 374329
637 807987
636 345352
90 367499
577 64083
579 720542
101 1962995
580 403665
581 64163
585 51011
586 362945
109 1333448
590 546547
591 127069
105 8904
593 316329
592 91895
594 3681
597 412311
114 490847
599 487057
598 602210
601 165423
127 260385
600 457681
603 631080
602 975344
605 832836
604 378319
607 715042
606 151746
120 20574
138 1512
128 45875
678 14482
677 119994
676 6354
675 5868
152 1165
153 34429
154 170086
155 0
156 1635
158 0
144 22390
145 40354
151 1736
649 1230910
173 1889
650 356945
645 256515
644 152804
646 265402
641 109087
640 276817
643 8425
642 1712674
668 546266
669 207595
184 71
671 86780
190 25879
664 356244
665 232687
661 215653
662 120169
177 0
656 4452263
201 5650
203 364
199 79990
198 836
192 34978
222 35933
217 37929
219 72
213 37923
214 490
215 5700
208 307
210 1174
211 1102790
238 214
233 34
230 46708
229 52336
228 196522
226 18233
224 699
254 93
255 67
252 9452
253 292300
251 107
249 1640
244 120742
245 290
241 57
274 44781
273 34469
278 198926
276 120506
286 291202
285 259116
262 73
260 1211
265 15247
270 28555
268 29665
315 367
316 269
288 3512
289 2902
290 885
291 3148
293 1928020
295 680
296 98350
297 361
342 102936
347 1920590
324 270133
325 46779
320 190
372 116454
374 39668
368 48523
371 6544
370 9305
381 114498
380 308
378 142811
357 463085
353 289
354 34211
355 257617
364 12043
365 40281
366 51984
367 188068
361 1644
362 32840
363 25270
410 10470
411 9721
408 114631
409 66751
412 318
413 3430
402 92206
400 461483
401 64911
407 359
405 1216188
395 525
394 1211
393 65045
399 74544
398 329323
397 140035
396 562336
387 594
386 369
385 1024884
391 438293
390 12605
389 132547
388 341
440 23460
441 508
442 794
443 223422
444 2741
445 9762
432 109412
434 276
437 824206
438 2423
439 2128
425 381
424 34034
427 162956
426 12647
429 423
428 2196
416 4421039
418 166952
423 431
422 641
478 102486
477 39832
474 4293
472 391284
470 78630
471 74047
469 163227
466 14802
463 113048
455 1667
454 945153
450 2134
504 388826
500 153255
501 178995
503 231226
496 8191313
495 11803
481 264
482 142103
552 41114
419 931134
346 208
2 13682
550 8383
465 9855294
92 51683
559 57662
681 2368
269 1753809
134 7629
404 452057
28 1672
11 2850
658 446939
648 152388
406 264767
207 29437
634 219597
633 621236
632 525511
300 3475409
267 35381
141 103242
129 68
115 396930
137 0
110 33486
135 7047
528 1390
449 5086
305 241139
492 44736
133 20576
261 567
96 1172827
515 633441
663 8401
629 61
584 908
582 6284
538 17495
491 119566
490 11118
487 3102
486 543616
462 67065
453 13883
447 14084
384 743
377 25373
322 344
264 4639
225 30585
209 18809
202 1152530
197 4499
147 210144
146 1573
108 351
97 62399
60 4265
49 4278
13 7847
376 770664
212 223708
200 5228097
117 410
123 824764
122 1099455
121 291386
306 3189
299 1033641
298 261573
99 57301
98 456684
351 1075
667 96529
223 140
304 2637004
172 0
150 0
321 2582
549 17978
234 79187
93 3398
104 51
569 1908
638 130815
540 53194
421 9948
420 959
415 85621
617 1389864
688 19365
596 322725
499 1687
414 48406
40 0
94 316556
682 610185
659 331794
647 144169
631 463557
168 0
657 1118
103 4923
102 80937
417 177773
595 5772
685 856750
679 2463713
674 983041
524 2957064
111 2471320
343 20851
118 3128
231 2855
360 108
683 823851
680 156091
660 111495
204 262
235 693950
218 220
539 481
448 91055
430 785
476 3603
284 1005
282 8066
280 1772
283 73923
281 330471
279 135427
573 5203
292 4753
294 660
326 0
506 81674
505 38778
329 149029
382 51418
379 14151
356 1503
480 68003
672 57270
541 1852
403 25562
467 647184
435 43851
479 52636
475 3134
473 1357176
555 260162
542 326394
551 552
1 71
548 419
3 346
3 2
546 550
4 3
547 548
547 465
5 445
5 438
5 366
5 92
544 559
6 681
6 419
6 269
7 465
7 441
7 366
7 92
558 559
8 7
9 465
9 442
10 134
557 559
12 465
12 442
12 51
566 404
16 120
565 68
19 109
19 20
564 68
21 504
21 429
21 156
21 28
20 11
561 658
561 648
561 625
561 624
561 591
561 547
561 427
561 406
561 393
561 278
561 274
561 154
561 90
561 89
561 44
23 207
560 404
22 634
22 633
22 632
22 536
22 504
22 429
22 416
22 367
22 300
22 290
22 268
22 267
22 226
22 207
22 156
22 141
22 129
25 115
24 504
24 428
24 300
24 267
24 151
24 138
27 137
26 137
26 504
26 115
29 519
29 347
29 110
29 109
29 21
29 19
31 135
516 404
34 580
34 559
34 557
34 528
34 449
34 367
34 347
34 305
35 492
35 346
35 133
35 2
32 410
32 366
32 365
32 261
32 92
32 37
32 36
519 504
519 141
33 267
33 96
512 482
512 315
38 346
38 133
38 4
38 3
39 115
514 515
36 62
37 671
37 663
37 629
37 628
37 627
37 584
37 582
37 580
37 579
37 566
37 559
37 557
37 538
37 536
37 528
37 519
37 516
37 515
37 504
37 501
37 500
37 496
37 495
37 491
37 490
37 487
37 486
37 477
37 469
37 466
37 465
37 463
37 462
37 455
37 453
37 449
37 447
37 443
37 442
37 441
37 439
37 434
37 419
37 408
37 400
37 396
37 395
37 394
37 391
37 388
37 387
37 386
37 384
37 377
37 374
37 371
37 367
37 366
37 364
37 362
37 353
37 347
37 322
37 316
37 300
37 295
37 269
37 268
37 264
37 230
37 226
37 225
37 222
37 217
37 210
37 209
37 203
37 202
37 201
37 197
37 190
37 147
37 146
37 134
37 120
37 110
37 109
37 108
37 105
37 97
37 92
37 72
37 69
37 65
37 64
37 63
37 60
37 59
37 58
37 57
37 51
37 49
37 28
37 26
37 23
37 22
37 16
37 13
37 12
37 8
37 7
37 1
42 559
42 410
42 37
525 533
43 634
43 633
43 632
43 630
43 579
43 577
43 552
43 550
43 496
43 495
43 462
43 416
43 389
43 376
43 347
43 300
43 270
43 212
43 211
43 200
43 117
43 96
43 88
43 86
43 84
43 62
43 58
43 26
43 23
43 22
43 16
41 123
41 122
41 121
527 80
520 559
520 305
46 137
46 537
46 535
46 534
46 533
46 529
46 504
46 425
46 398
46 306
46 300
46 299
46 298
46 290
46 289
46 268
46 226
46 152
46 144
46 138
46 99
46 98
46 28
47 504
47 428
47 425
47 290
47 289
47 152
47 151
47 144
44 592
533 404
51 404
51 351
50 115
535 404
534 560
534 404
529 404
55 667
55 586
55 585
55 443
55 397
55 396
55 377
55 374
55 372
55 371
55 366
55 365
55 364
55 363
55 361
55 295
55 269
55 105
55 92
55 5
54 223
54 53
53 304
53 202
53 101
530 419
52 172
52 150
52 346
52 321
52 304
52 133
52 101
52 53
52 4
52 3
59 419
59 374
58 662
58 549
58 465
58 396
58 388
58 377
58 374
58 295
58 269
58 225
58 72
58 60
58 59
57 580
57 549
57 501
57 496
57 495
57 462
57 400
57 367
57 347
57 234
57 229
57 93
57 73
57 59
57 58
56 104
537 404
63 662
63 419
63 364
63 269
63 134
63 105
63 71
63 60
63 13
536 404
62 408
62 212
62 200
62 108
62 20
62 6
61 569
61 516
61 296
61 83
61 67
610 648
610 639
610 638
68 585
68 540
68 496
68 495
68 443
68 421
68 420
68 415
68 400
68 397
68 372
68 363
68 361
68 72
68 13
611 656
611 642
611 617
69 688
608 605
608 596
608 228
70 419
609 626
71 419
71 269
614 410
614 37
64 499
64 491
64 477
64 474
64 230
64 222
64 217
64 203
64 7
615 628
615 627
65 465
65 443
65 442
65 414
65 396
65 371
65 364
65 295
65 209
65 203
65 202
65 97
65 51
65 12
612 656
612 617
612 613
66 419
613 656
613 642
613 617
67 395
618 642
76 117
619 642
78 40
622 658
622 656
622 649
622 645
622 636
622 626
72 269
623 626
73 487
73 391
73 147
73 114
73 94
73 66
620 626
74 200
74 117
74 115
621 626
627 629
626 682
626 659
626 647
626 642
84 465
84 396
84 387
84 295
625 626
625 623
625 620
87 306
624 626
86 99
86 98
86 31
81 581
81 501
81 384
81 268
81 197
81 190
81 69
81 65
81 64
81 63
81 49
81 9
81 8
630 631
80 123
80 122
80 121
80 41
83 400
83 200
83 84
83 71
83 27
83 1
628 629
82 537
82 70
635 634
635 633
635 632
89 168
89 127
639 642
639 640
88 62
91 639
91 527
637 656
637 626
636 626
90 128
577 416
579 581
579 580
101 657
101 103
101 102
580 582
581 582
585 437
586 437
109 663
590 630
591 592
105 417
593 595
592 630
594 595
597 601
114 465
114 391
114 322
114 269
599 597
598 685
598 679
598 674
598 656
598 649
598 645
598 637
598 636
598 626
598 623
598 620
598 607
598 605
598 602
598 524
598 111
601 617
127 595
127 343
127 291
127 118
600 669
600 661
600 656
600 617
600 613
603 617
602 617
605 606
604 656
604 642
607 661
607 656
607 626
607 617
606 669
606 661
606 656
606 642
606 617
120 663
138 404
138 351
138 297
138 295
128 291
678 679
677 679
676 677
675 679
152 156
153 231
154 151
155 151
156 231
158 581
158 501
158 384
158 268
158 197
158 190
158 69
158 65
158 64
158 63
158 49
158 9
158 8
144 504
144 28
145 634
145 633
145 632
145 577
145 552
145 462
145 416
145 267
145 207
145 197
145 141
145 49
145 23
151 156
649 650
173 657
173 346
173 103
173 52
650 634
650 633
650 632
645 656
644 656
646 656
646 645
641 642
640 642
640 641
643 465
642 360
668 685
668 683
668 524
668 111
669 663
184 172
184 150
184 410
184 304
184 52
184 37
184 2
671 685
671 679
671 674
671 669
671 668
671 661
671 656
671 649
671 647
671 642
671 637
671 607
671 605
671 602
671 590
671 524
671 228
190 29
664 228
665 524
665 111
661 663
662 374
177 88
177 62
656 680
656 660
201 202
203 404
203 295
203 204
199 398
199 200
198 407
198 295
198 200
192 293
192 235
192 210
192 190
192 16
222 566
222 316
217 455
219 512
219 440
219 315
219 224
213 419
214 512
214 224
215 218
208 70
210 146
211 299
211 298
211 212
238 582
238 491
238 490
238 454
238 365
238 320
238 217
233 315
230 491
230 353
230 222
229 584
228 663
228 465
226 465
226 434
226 384
226 371
226 295
226 213
224 539
224 448
224 440
224 370
254 630
255 430
255 231
252 496
252 421
252 410
252 400
252 396
252 203
252 37
253 201
251 231
249 231
244 231
245 663
245 630
241 663
274 416
274 389
274 270
273 634
273 633
273 632
273 504
273 476
273 267
278 284
278 282
278 280
276 469
276 283
276 281
276 279
276 278
286 573
286 466
285 404
262 500
262 222
260 630
265 559
265 557
265 528
265 449
265 264
270 416
268 230
268 217
268 7
315 404
316 404
316 351
288 295
289 290
290 292
291 292
293 535
293 294
295 351
296 409
296 386
296 295
297 404
342 343
347 490
324 326
324 506
324 505
324 368
324 329
324 325
325 326
325 506
325 505
325 329
320 52
372 396
374 377
368 329
371 586
371 396
370 481
381 382
380 379
378 379
357 592
357 80
353 404
354 582
354 559
354 491
354 490
354 463
354 410
354 217
354 97
354 37
355 356
364 443
364 417
365 496
365 495
365 486
365 480
365 445
365 444
365 438
365 417
365 410
365 396
365 390
365 362
365 203
365 68
365 37
366 370
367 490
361 417
362 486
362 443
362 417
362 396
362 203
363 417
410 672
410 421
410 420
410 415
410 397
410 81
411 415
408 419
409 419
412 415
413 541
413 420
402 403
400 404
401 663
401 416
407 419
405 529
395 404
394 404
393 416
399 482
399 440
398 404
397 404
397 400
396 404
396 400
387 404
386 404
385 530
385 467
385 416
385 394
391 404
390 404
389 416
388 404
440 448
441 448
442 448
443 363
444 404
445 448
432 476
434 404
437 443
437 435
437 396
438 448
439 448
425 429
424 430
427 428
426 430
429 430
428 429
416 141
418 419
423 430
422 430
478 479
477 7
474 475
474 447
472 473
470 555
470 471
471 542
471 472
469 474
466 465
466 418
463 643
463 465
463 203
455 404
455 269
454 404
450 492
450 34
504 141
500 566
501 500
503 141
496 486
495 496
481 404
482 404
